{
 "cells": [
  {
   "cell_type": "code",
   "execution_count": 129,
   "metadata": {},
   "outputs": [],
   "source": [
    "import numpy as np\n",
    "import tensorflow as tf\n",
    "\n",
    "weights = np.loadtxt(\"weights_tract.txt\")"
   ]
  },
  {
   "cell_type": "code",
   "execution_count": 130,
   "metadata": {},
   "outputs": [],
   "source": [
    "x = np.loadtxt(\"lengths_tract.txt\")"
   ]
  },
  {
   "cell_type": "code",
   "execution_count": 131,
   "metadata": {},
   "outputs": [
    {
     "data": {
      "text/plain": [
       "(66, 66)"
      ]
     },
     "execution_count": 131,
     "metadata": {},
     "output_type": "execute_result"
    }
   ],
   "source": [
    "x.shape"
   ]
  },
  {
   "cell_type": "code",
   "execution_count": 132,
   "metadata": {},
   "outputs": [],
   "source": [
    "thirty_rest = np.loadtxt(\"30rest.txt\", float, delimiter = \",\")\n",
    "thirty_rest = np.reshape(thirty_rest, (30,66,1200))"
   ]
  },
  {
   "cell_type": "code",
   "execution_count": 133,
   "metadata": {},
   "outputs": [
    {
     "data": {
      "text/plain": [
       "<function tensorflow.python.framework.ops.reset_default_graph()>"
      ]
     },
     "execution_count": 133,
     "metadata": {},
     "output_type": "execute_result"
    }
   ],
   "source": [
    "tf.reset_default_graph"
   ]
  },
  {
   "cell_type": "code",
   "execution_count": 134,
   "metadata": {},
   "outputs": [],
   "source": [
    "from random import randint \n",
    "def sample(all_scans):\n",
    "     return all_scans[randint(0,29)]"
   ]
  },
  {
   "cell_type": "code",
   "execution_count": 135,
   "metadata": {},
   "outputs": [],
   "source": [
    "rest = tf.placeholder(tf.float32, shape = (66,1199))"
   ]
  },
  {
   "cell_type": "code",
   "execution_count": 136,
   "metadata": {},
   "outputs": [],
   "source": [
    "dr = tf.placeholder(tf.float32, shape = (66, 1199))"
   ]
  },
  {
   "cell_type": "code",
   "execution_count": 137,
   "metadata": {},
   "outputs": [],
   "source": [
    "dt = tf.constant(.72, dtype = tf.dtypes.float32)"
   ]
  },
  {
   "cell_type": "code",
   "execution_count": 138,
   "metadata": {},
   "outputs": [],
   "source": [
    "id = tf.constant(np.identity(66), dtype = tf.dtypes.float32)"
   ]
  },
  {
   "cell_type": "code",
   "execution_count": 139,
   "metadata": {},
   "outputs": [
    {
     "data": {
      "text/plain": [
       "True"
      ]
     },
     "execution_count": 139,
     "metadata": {},
     "output_type": "execute_result"
    }
   ],
   "source": [
    "weight_matrix = np.random.randn(66,66)\n",
    "weight_matrix = np.add(weight_matrix, weight_matrix.T)\n",
    "weight_matrix = np.multiply(weight_matrix, .5)\n",
    "diagonal = np.diag(np.diag(weight_matrix))\n",
    "weight_matrix = np.subtract(weight_matrix, diagonal)\n",
    "np.allclose(weight_matrix, weight_matrix.T, rtol = 1e-05, atol = 1e-08 ) #determines whether weight_matrix is symmetric"
   ]
  },
  {
   "cell_type": "code",
   "execution_count": 140,
   "metadata": {},
   "outputs": [],
   "source": [
    "weight_matrix = tf.Variable(weight_matrix, dtype = tf.dtypes.float32)"
   ]
  },
  {
   "cell_type": "code",
   "execution_count": 141,
   "metadata": {},
   "outputs": [],
   "source": [
    "weight_minus_id = tf.subtract(weight_matrix, id)\n",
    "predicted = tf.linalg.matmul(weight_minus_id, rest)\n",
    "predicted = tf.math.multiply(predicted, dt)"
   ]
  },
  {
   "cell_type": "code",
   "execution_count": 142,
   "metadata": {},
   "outputs": [],
   "source": [
    "loss = tf.losses.mean_squared_error(dr, predicted)"
   ]
  },
  {
   "cell_type": "code",
   "execution_count": 169,
   "metadata": {},
   "outputs": [],
   "source": [
    "optimizer = tf.train.AdamOptimizer(learning_rate = 1)"
   ]
  },
  {
   "cell_type": "code",
   "execution_count": 171,
   "metadata": {},
   "outputs": [
    {
     "name": "stdout",
     "output_type": "stream",
     "text": [
      "17.26472 [[ 0.         -1.2961843   0.13700765 ... -0.7183294   0.19876549\n",
      "  -1.2272485 ]\n",
      " [-1.2961843   0.         -0.88999975 ...  0.70445484 -0.09828815\n",
      "  -0.25364834]\n",
      " [ 0.13700765 -0.88999975  0.         ...  0.09872682  0.73742855\n",
      "  -0.69637185]\n",
      " ...\n",
      " [-0.7183294   0.70445484  0.09872682 ...  0.         -0.7373075\n",
      "  -0.27190822]\n",
      " [ 0.19876549 -0.09828815  0.73742855 ... -0.7373075   0.\n",
      "   0.12088878]\n",
      " [-1.2272485  -0.25364834 -0.69637185 ... -0.27190822  0.12088878\n",
      "   0.        ]]\n",
      "17.07147 [[ 0.         -1.2961843   0.13700765 ... -0.7183294   0.19876549\n",
      "  -1.2272485 ]\n",
      " [-1.2961843   0.         -0.88999975 ...  0.70445484 -0.09828815\n",
      "  -0.25364834]\n",
      " [ 0.13700765 -0.88999975  0.         ...  0.09872682  0.73742855\n",
      "  -0.69637185]\n",
      " ...\n",
      " [-0.7183294   0.70445484  0.09872682 ...  0.         -0.7373075\n",
      "  -0.27190822]\n",
      " [ 0.19876549 -0.09828815  0.73742855 ... -0.7373075   0.\n",
      "   0.12088878]\n",
      " [-1.2272485  -0.25364834 -0.69637185 ... -0.27190822  0.12088878\n",
      "   0.        ]]\n",
      "16.897366 [[ 0.         -1.2961843   0.13700765 ... -0.7183294   0.19876549\n",
      "  -1.2272485 ]\n",
      " [-1.2961843   0.         -0.88999975 ...  0.70445484 -0.09828815\n",
      "  -0.25364834]\n",
      " [ 0.13700765 -0.88999975  0.         ...  0.09872682  0.73742855\n",
      "  -0.69637185]\n",
      " ...\n",
      " [-0.7183294   0.70445484  0.09872682 ...  0.         -0.7373075\n",
      "  -0.27190822]\n",
      " [ 0.19876549 -0.09828815  0.73742855 ... -0.7373075   0.\n",
      "   0.12088878]\n",
      " [-1.2272485  -0.25364834 -0.69637185 ... -0.27190822  0.12088878\n",
      "   0.        ]]\n",
      "16.504406 [[ 0.         -1.2961843   0.13700765 ... -0.7183294   0.19876549\n",
      "  -1.2272485 ]\n",
      " [-1.2961843   0.         -0.88999975 ...  0.70445484 -0.09828815\n",
      "  -0.25364834]\n",
      " [ 0.13700765 -0.88999975  0.         ...  0.09872682  0.73742855\n",
      "  -0.69637185]\n",
      " ...\n",
      " [-0.7183294   0.70445484  0.09872682 ...  0.         -0.7373075\n",
      "  -0.27190822]\n",
      " [ 0.19876549 -0.09828815  0.73742855 ... -0.7373075   0.\n",
      "   0.12088878]\n",
      " [-1.2272485  -0.25364834 -0.69637185 ... -0.27190822  0.12088878\n",
      "   0.        ]]\n",
      "16.839886 [[ 0.         -1.2961843   0.13700765 ... -0.7183294   0.19876549\n",
      "  -1.2272485 ]\n",
      " [-1.2961843   0.         -0.88999975 ...  0.70445484 -0.09828815\n",
      "  -0.25364834]\n",
      " [ 0.13700765 -0.88999975  0.         ...  0.09872682  0.73742855\n",
      "  -0.69637185]\n",
      " ...\n",
      " [-0.7183294   0.70445484  0.09872682 ...  0.         -0.7373075\n",
      "  -0.27190822]\n",
      " [ 0.19876549 -0.09828815  0.73742855 ... -0.7373075   0.\n",
      "   0.12088878]\n",
      " [-1.2272485  -0.25364834 -0.69637185 ... -0.27190822  0.12088878\n",
      "   0.        ]]\n",
      "16.871576 [[ 0.         -1.2961843   0.13700765 ... -0.7183294   0.19876549\n",
      "  -1.2272485 ]\n",
      " [-1.2961843   0.         -0.88999975 ...  0.70445484 -0.09828815\n",
      "  -0.25364834]\n",
      " [ 0.13700765 -0.88999975  0.         ...  0.09872682  0.73742855\n",
      "  -0.69637185]\n",
      " ...\n",
      " [-0.7183294   0.70445484  0.09872682 ...  0.         -0.7373075\n",
      "  -0.27190822]\n",
      " [ 0.19876549 -0.09828815  0.73742855 ... -0.7373075   0.\n",
      "   0.12088878]\n",
      " [-1.2272485  -0.25364834 -0.69637185 ... -0.27190822  0.12088878\n",
      "   0.        ]]\n",
      "17.53793 [[ 0.         -1.2961843   0.13700765 ... -0.7183294   0.19876549\n",
      "  -1.2272485 ]\n",
      " [-1.2961843   0.         -0.88999975 ...  0.70445484 -0.09828815\n",
      "  -0.25364834]\n",
      " [ 0.13700765 -0.88999975  0.         ...  0.09872682  0.73742855\n",
      "  -0.69637185]\n",
      " ...\n",
      " [-0.7183294   0.70445484  0.09872682 ...  0.         -0.7373075\n",
      "  -0.27190822]\n",
      " [ 0.19876549 -0.09828815  0.73742855 ... -0.7373075   0.\n",
      "   0.12088878]\n",
      " [-1.2272485  -0.25364834 -0.69637185 ... -0.27190822  0.12088878\n",
      "   0.        ]]\n",
      "16.871576 [[ 0.         -1.2961843   0.13700765 ... -0.7183294   0.19876549\n",
      "  -1.2272485 ]\n",
      " [-1.2961843   0.         -0.88999975 ...  0.70445484 -0.09828815\n",
      "  -0.25364834]\n",
      " [ 0.13700765 -0.88999975  0.         ...  0.09872682  0.73742855\n",
      "  -0.69637185]\n",
      " ...\n",
      " [-0.7183294   0.70445484  0.09872682 ...  0.         -0.7373075\n",
      "  -0.27190822]\n",
      " [ 0.19876549 -0.09828815  0.73742855 ... -0.7373075   0.\n",
      "   0.12088878]\n",
      " [-1.2272485  -0.25364834 -0.69637185 ... -0.27190822  0.12088878\n",
      "   0.        ]]\n",
      "17.424849 [[ 0.         -1.2961843   0.13700765 ... -0.7183294   0.19876549\n",
      "  -1.2272485 ]\n",
      " [-1.2961843   0.         -0.88999975 ...  0.70445484 -0.09828815\n",
      "  -0.25364834]\n",
      " [ 0.13700765 -0.88999975  0.         ...  0.09872682  0.73742855\n",
      "  -0.69637185]\n",
      " ...\n",
      " [-0.7183294   0.70445484  0.09872682 ...  0.         -0.7373075\n",
      "  -0.27190822]\n",
      " [ 0.19876549 -0.09828815  0.73742855 ... -0.7373075   0.\n",
      "   0.12088878]\n",
      " [-1.2272485  -0.25364834 -0.69637185 ... -0.27190822  0.12088878\n",
      "   0.        ]]\n",
      "17.07147 [[ 0.         -1.2961843   0.13700765 ... -0.7183294   0.19876549\n",
      "  -1.2272485 ]\n",
      " [-1.2961843   0.         -0.88999975 ...  0.70445484 -0.09828815\n",
      "  -0.25364834]\n",
      " [ 0.13700765 -0.88999975  0.         ...  0.09872682  0.73742855\n",
      "  -0.69637185]\n",
      " ...\n",
      " [-0.7183294   0.70445484  0.09872682 ...  0.         -0.7373075\n",
      "  -0.27190822]\n",
      " [ 0.19876549 -0.09828815  0.73742855 ... -0.7373075   0.\n",
      "   0.12088878]\n",
      " [-1.2272485  -0.25364834 -0.69637185 ... -0.27190822  0.12088878\n",
      "   0.        ]]\n",
      "17.07147 [[ 0.         -1.2961843   0.13700765 ... -0.7183294   0.19876549\n",
      "  -1.2272485 ]\n",
      " [-1.2961843   0.         -0.88999975 ...  0.70445484 -0.09828815\n",
      "  -0.25364834]\n",
      " [ 0.13700765 -0.88999975  0.         ...  0.09872682  0.73742855\n",
      "  -0.69637185]\n",
      " ...\n",
      " [-0.7183294   0.70445484  0.09872682 ...  0.         -0.7373075\n",
      "  -0.27190822]\n",
      " [ 0.19876549 -0.09828815  0.73742855 ... -0.7373075   0.\n",
      "   0.12088878]\n",
      " [-1.2272485  -0.25364834 -0.69637185 ... -0.27190822  0.12088878\n",
      "   0.        ]]\n",
      "16.871576 [[ 0.         -1.2961843   0.13700765 ... -0.7183294   0.19876549\n",
      "  -1.2272485 ]\n",
      " [-1.2961843   0.         -0.88999975 ...  0.70445484 -0.09828815\n",
      "  -0.25364834]\n",
      " [ 0.13700765 -0.88999975  0.         ...  0.09872682  0.73742855\n",
      "  -0.69637185]\n",
      " ...\n",
      " [-0.7183294   0.70445484  0.09872682 ...  0.         -0.7373075\n",
      "  -0.27190822]\n",
      " [ 0.19876549 -0.09828815  0.73742855 ... -0.7373075   0.\n",
      "   0.12088878]\n",
      " [-1.2272485  -0.25364834 -0.69637185 ... -0.27190822  0.12088878\n",
      "   0.        ]]\n",
      "17.088133 [[ 0.         -1.2961843   0.13700765 ... -0.7183294   0.19876549\n",
      "  -1.2272485 ]\n",
      " [-1.2961843   0.         -0.88999975 ...  0.70445484 -0.09828815\n",
      "  -0.25364834]\n",
      " [ 0.13700765 -0.88999975  0.         ...  0.09872682  0.73742855\n",
      "  -0.69637185]\n",
      " ...\n",
      " [-0.7183294   0.70445484  0.09872682 ...  0.         -0.7373075\n",
      "  -0.27190822]\n",
      " [ 0.19876549 -0.09828815  0.73742855 ... -0.7373075   0.\n",
      "   0.12088878]\n",
      " [-1.2272485  -0.25364834 -0.69637185 ... -0.27190822  0.12088878\n",
      "   0.        ]]\n",
      "17.207376 [[ 0.         -1.2961843   0.13700765 ... -0.7183294   0.19876549\n",
      "  -1.2272485 ]\n",
      " [-1.2961843   0.         -0.88999975 ...  0.70445484 -0.09828815\n",
      "  -0.25364834]\n",
      " [ 0.13700765 -0.88999975  0.         ...  0.09872682  0.73742855\n",
      "  -0.69637185]\n",
      " ...\n",
      " [-0.7183294   0.70445484  0.09872682 ...  0.         -0.7373075\n",
      "  -0.27190822]\n",
      " [ 0.19876549 -0.09828815  0.73742855 ... -0.7373075   0.\n",
      "   0.12088878]\n",
      " [-1.2272485  -0.25364834 -0.69637185 ... -0.27190822  0.12088878\n",
      "   0.        ]]\n",
      "17.26472 [[ 0.         -1.2961843   0.13700765 ... -0.7183294   0.19876549\n",
      "  -1.2272485 ]\n",
      " [-1.2961843   0.         -0.88999975 ...  0.70445484 -0.09828815\n",
      "  -0.25364834]\n",
      " [ 0.13700765 -0.88999975  0.         ...  0.09872682  0.73742855\n",
      "  -0.69637185]\n",
      " ...\n",
      " [-0.7183294   0.70445484  0.09872682 ...  0.         -0.7373075\n",
      "  -0.27190822]\n",
      " [ 0.19876549 -0.09828815  0.73742855 ... -0.7373075   0.\n",
      "   0.12088878]\n",
      " [-1.2272485  -0.25364834 -0.69637185 ... -0.27190822  0.12088878\n",
      "   0.        ]]\n",
      "17.961267 [[ 0.         -1.2961843   0.13700765 ... -0.7183294   0.19876549\n",
      "  -1.2272485 ]\n",
      " [-1.2961843   0.         -0.88999975 ...  0.70445484 -0.09828815\n",
      "  -0.25364834]\n",
      " [ 0.13700765 -0.88999975  0.         ...  0.09872682  0.73742855\n",
      "  -0.69637185]\n",
      " ...\n",
      " [-0.7183294   0.70445484  0.09872682 ...  0.         -0.7373075\n",
      "  -0.27190822]\n",
      " [ 0.19876549 -0.09828815  0.73742855 ... -0.7373075   0.\n",
      "   0.12088878]\n",
      " [-1.2272485  -0.25364834 -0.69637185 ... -0.27190822  0.12088878\n",
      "   0.        ]]\n",
      "17.207376 [[ 0.         -1.2961843   0.13700765 ... -0.7183294   0.19876549\n",
      "  -1.2272485 ]\n",
      " [-1.2961843   0.         -0.88999975 ...  0.70445484 -0.09828815\n",
      "  -0.25364834]\n",
      " [ 0.13700765 -0.88999975  0.         ...  0.09872682  0.73742855\n",
      "  -0.69637185]\n",
      " ...\n",
      " [-0.7183294   0.70445484  0.09872682 ...  0.         -0.7373075\n",
      "  -0.27190822]\n",
      " [ 0.19876549 -0.09828815  0.73742855 ... -0.7373075   0.\n",
      "   0.12088878]\n",
      " [-1.2272485  -0.25364834 -0.69637185 ... -0.27190822  0.12088878\n",
      "   0.        ]]\n"
     ]
    },
    {
     "name": "stdout",
     "output_type": "stream",
     "text": [
      "16.542425 [[ 0.         -1.2961843   0.13700765 ... -0.7183294   0.19876549\n",
      "  -1.2272485 ]\n",
      " [-1.2961843   0.         -0.88999975 ...  0.70445484 -0.09828815\n",
      "  -0.25364834]\n",
      " [ 0.13700765 -0.88999975  0.         ...  0.09872682  0.73742855\n",
      "  -0.69637185]\n",
      " ...\n",
      " [-0.7183294   0.70445484  0.09872682 ...  0.         -0.7373075\n",
      "  -0.27190822]\n",
      " [ 0.19876549 -0.09828815  0.73742855 ... -0.7373075   0.\n",
      "   0.12088878]\n",
      " [-1.2272485  -0.25364834 -0.69637185 ... -0.27190822  0.12088878\n",
      "   0.        ]]\n",
      "17.098492 [[ 0.         -1.2961843   0.13700765 ... -0.7183294   0.19876549\n",
      "  -1.2272485 ]\n",
      " [-1.2961843   0.         -0.88999975 ...  0.70445484 -0.09828815\n",
      "  -0.25364834]\n",
      " [ 0.13700765 -0.88999975  0.         ...  0.09872682  0.73742855\n",
      "  -0.69637185]\n",
      " ...\n",
      " [-0.7183294   0.70445484  0.09872682 ...  0.         -0.7373075\n",
      "  -0.27190822]\n",
      " [ 0.19876549 -0.09828815  0.73742855 ... -0.7373075   0.\n",
      "   0.12088878]\n",
      " [-1.2272485  -0.25364834 -0.69637185 ... -0.27190822  0.12088878\n",
      "   0.        ]]\n",
      "16.90903 [[ 0.         -1.2961843   0.13700765 ... -0.7183294   0.19876549\n",
      "  -1.2272485 ]\n",
      " [-1.2961843   0.         -0.88999975 ...  0.70445484 -0.09828815\n",
      "  -0.25364834]\n",
      " [ 0.13700765 -0.88999975  0.         ...  0.09872682  0.73742855\n",
      "  -0.69637185]\n",
      " ...\n",
      " [-0.7183294   0.70445484  0.09872682 ...  0.         -0.7373075\n",
      "  -0.27190822]\n",
      " [ 0.19876549 -0.09828815  0.73742855 ... -0.7373075   0.\n",
      "   0.12088878]\n",
      " [-1.2272485  -0.25364834 -0.69637185 ... -0.27190822  0.12088878\n",
      "   0.        ]]\n",
      "17.961267 [[ 0.         -1.2961843   0.13700765 ... -0.7183294   0.19876549\n",
      "  -1.2272485 ]\n",
      " [-1.2961843   0.         -0.88999975 ...  0.70445484 -0.09828815\n",
      "  -0.25364834]\n",
      " [ 0.13700765 -0.88999975  0.         ...  0.09872682  0.73742855\n",
      "  -0.69637185]\n",
      " ...\n",
      " [-0.7183294   0.70445484  0.09872682 ...  0.         -0.7373075\n",
      "  -0.27190822]\n",
      " [ 0.19876549 -0.09828815  0.73742855 ... -0.7373075   0.\n",
      "   0.12088878]\n",
      " [-1.2272485  -0.25364834 -0.69637185 ... -0.27190822  0.12088878\n",
      "   0.        ]]\n",
      "16.542425 [[ 0.         -1.2961843   0.13700765 ... -0.7183294   0.19876549\n",
      "  -1.2272485 ]\n",
      " [-1.2961843   0.         -0.88999975 ...  0.70445484 -0.09828815\n",
      "  -0.25364834]\n",
      " [ 0.13700765 -0.88999975  0.         ...  0.09872682  0.73742855\n",
      "  -0.69637185]\n",
      " ...\n",
      " [-0.7183294   0.70445484  0.09872682 ...  0.         -0.7373075\n",
      "  -0.27190822]\n",
      " [ 0.19876549 -0.09828815  0.73742855 ... -0.7373075   0.\n",
      "   0.12088878]\n",
      " [-1.2272485  -0.25364834 -0.69637185 ... -0.27190822  0.12088878\n",
      "   0.        ]]\n",
      "17.07147 [[ 0.         -1.2961843   0.13700765 ... -0.7183294   0.19876549\n",
      "  -1.2272485 ]\n",
      " [-1.2961843   0.         -0.88999975 ...  0.70445484 -0.09828815\n",
      "  -0.25364834]\n",
      " [ 0.13700765 -0.88999975  0.         ...  0.09872682  0.73742855\n",
      "  -0.69637185]\n",
      " ...\n",
      " [-0.7183294   0.70445484  0.09872682 ...  0.         -0.7373075\n",
      "  -0.27190822]\n",
      " [ 0.19876549 -0.09828815  0.73742855 ... -0.7373075   0.\n",
      "   0.12088878]\n",
      " [-1.2272485  -0.25364834 -0.69637185 ... -0.27190822  0.12088878\n",
      "   0.        ]]\n",
      "16.735622 [[ 0.         -1.2961843   0.13700765 ... -0.7183294   0.19876549\n",
      "  -1.2272485 ]\n",
      " [-1.2961843   0.         -0.88999975 ...  0.70445484 -0.09828815\n",
      "  -0.25364834]\n",
      " [ 0.13700765 -0.88999975  0.         ...  0.09872682  0.73742855\n",
      "  -0.69637185]\n",
      " ...\n",
      " [-0.7183294   0.70445484  0.09872682 ...  0.         -0.7373075\n",
      "  -0.27190822]\n",
      " [ 0.19876549 -0.09828815  0.73742855 ... -0.7373075   0.\n",
      "   0.12088878]\n",
      " [-1.2272485  -0.25364834 -0.69637185 ... -0.27190822  0.12088878\n",
      "   0.        ]]\n",
      "17.581175 [[ 0.         -1.2961843   0.13700765 ... -0.7183294   0.19876549\n",
      "  -1.2272485 ]\n",
      " [-1.2961843   0.         -0.88999975 ...  0.70445484 -0.09828815\n",
      "  -0.25364834]\n",
      " [ 0.13700765 -0.88999975  0.         ...  0.09872682  0.73742855\n",
      "  -0.69637185]\n",
      " ...\n",
      " [-0.7183294   0.70445484  0.09872682 ...  0.         -0.7373075\n",
      "  -0.27190822]\n",
      " [ 0.19876549 -0.09828815  0.73742855 ... -0.7373075   0.\n",
      "   0.12088878]\n",
      " [-1.2272485  -0.25364834 -0.69637185 ... -0.27190822  0.12088878\n",
      "   0.        ]]\n",
      "16.562008 [[ 0.         -1.2961843   0.13700765 ... -0.7183294   0.19876549\n",
      "  -1.2272485 ]\n",
      " [-1.2961843   0.         -0.88999975 ...  0.70445484 -0.09828815\n",
      "  -0.25364834]\n",
      " [ 0.13700765 -0.88999975  0.         ...  0.09872682  0.73742855\n",
      "  -0.69637185]\n",
      " ...\n",
      " [-0.7183294   0.70445484  0.09872682 ...  0.         -0.7373075\n",
      "  -0.27190822]\n",
      " [ 0.19876549 -0.09828815  0.73742855 ... -0.7373075   0.\n",
      "   0.12088878]\n",
      " [-1.2272485  -0.25364834 -0.69637185 ... -0.27190822  0.12088878\n",
      "   0.        ]]\n",
      "17.9618 [[ 0.         -1.2961843   0.13700765 ... -0.7183294   0.19876549\n",
      "  -1.2272485 ]\n",
      " [-1.2961843   0.         -0.88999975 ...  0.70445484 -0.09828815\n",
      "  -0.25364834]\n",
      " [ 0.13700765 -0.88999975  0.         ...  0.09872682  0.73742855\n",
      "  -0.69637185]\n",
      " ...\n",
      " [-0.7183294   0.70445484  0.09872682 ...  0.         -0.7373075\n",
      "  -0.27190822]\n",
      " [ 0.19876549 -0.09828815  0.73742855 ... -0.7373075   0.\n",
      "   0.12088878]\n",
      " [-1.2272485  -0.25364834 -0.69637185 ... -0.27190822  0.12088878\n",
      "   0.        ]]\n",
      "17.088133 [[ 0.         -1.2961843   0.13700765 ... -0.7183294   0.19876549\n",
      "  -1.2272485 ]\n",
      " [-1.2961843   0.         -0.88999975 ...  0.70445484 -0.09828815\n",
      "  -0.25364834]\n",
      " [ 0.13700765 -0.88999975  0.         ...  0.09872682  0.73742855\n",
      "  -0.69637185]\n",
      " ...\n",
      " [-0.7183294   0.70445484  0.09872682 ...  0.         -0.7373075\n",
      "  -0.27190822]\n",
      " [ 0.19876549 -0.09828815  0.73742855 ... -0.7373075   0.\n",
      "   0.12088878]\n",
      " [-1.2272485  -0.25364834 -0.69637185 ... -0.27190822  0.12088878\n",
      "   0.        ]]\n",
      "17.207376 [[ 0.         -1.2961843   0.13700765 ... -0.7183294   0.19876549\n",
      "  -1.2272485 ]\n",
      " [-1.2961843   0.         -0.88999975 ...  0.70445484 -0.09828815\n",
      "  -0.25364834]\n",
      " [ 0.13700765 -0.88999975  0.         ...  0.09872682  0.73742855\n",
      "  -0.69637185]\n",
      " ...\n",
      " [-0.7183294   0.70445484  0.09872682 ...  0.         -0.7373075\n",
      "  -0.27190822]\n",
      " [ 0.19876549 -0.09828815  0.73742855 ... -0.7373075   0.\n",
      "   0.12088878]\n",
      " [-1.2272485  -0.25364834 -0.69637185 ... -0.27190822  0.12088878\n",
      "   0.        ]]\n",
      "17.52758 [[ 0.         -1.2961843   0.13700765 ... -0.7183294   0.19876549\n",
      "  -1.2272485 ]\n",
      " [-1.2961843   0.         -0.88999975 ...  0.70445484 -0.09828815\n",
      "  -0.25364834]\n",
      " [ 0.13700765 -0.88999975  0.         ...  0.09872682  0.73742855\n",
      "  -0.69637185]\n",
      " ...\n",
      " [-0.7183294   0.70445484  0.09872682 ...  0.         -0.7373075\n",
      "  -0.27190822]\n",
      " [ 0.19876549 -0.09828815  0.73742855 ... -0.7373075   0.\n",
      "   0.12088878]\n",
      " [-1.2272485  -0.25364834 -0.69637185 ... -0.27190822  0.12088878\n",
      "   0.        ]]\n",
      "17.329235 [[ 0.         -1.2961843   0.13700765 ... -0.7183294   0.19876549\n",
      "  -1.2272485 ]\n",
      " [-1.2961843   0.         -0.88999975 ...  0.70445484 -0.09828815\n",
      "  -0.25364834]\n",
      " [ 0.13700765 -0.88999975  0.         ...  0.09872682  0.73742855\n",
      "  -0.69637185]\n",
      " ...\n",
      " [-0.7183294   0.70445484  0.09872682 ...  0.         -0.7373075\n",
      "  -0.27190822]\n",
      " [ 0.19876549 -0.09828815  0.73742855 ... -0.7373075   0.\n",
      "   0.12088878]\n",
      " [-1.2272485  -0.25364834 -0.69637185 ... -0.27190822  0.12088878\n",
      "   0.        ]]\n",
      "16.897366 [[ 0.         -1.2961843   0.13700765 ... -0.7183294   0.19876549\n",
      "  -1.2272485 ]\n",
      " [-1.2961843   0.         -0.88999975 ...  0.70445484 -0.09828815\n",
      "  -0.25364834]\n",
      " [ 0.13700765 -0.88999975  0.         ...  0.09872682  0.73742855\n",
      "  -0.69637185]\n",
      " ...\n",
      " [-0.7183294   0.70445484  0.09872682 ...  0.         -0.7373075\n",
      "  -0.27190822]\n",
      " [ 0.19876549 -0.09828815  0.73742855 ... -0.7373075   0.\n",
      "   0.12088878]\n",
      " [-1.2272485  -0.25364834 -0.69637185 ... -0.27190822  0.12088878\n",
      "   0.        ]]\n",
      "17.329235 [[ 0.         -1.2961843   0.13700765 ... -0.7183294   0.19876549\n",
      "  -1.2272485 ]\n",
      " [-1.2961843   0.         -0.88999975 ...  0.70445484 -0.09828815\n",
      "  -0.25364834]\n",
      " [ 0.13700765 -0.88999975  0.         ...  0.09872682  0.73742855\n",
      "  -0.69637185]\n",
      " ...\n",
      " [-0.7183294   0.70445484  0.09872682 ...  0.         -0.7373075\n",
      "  -0.27190822]\n",
      " [ 0.19876549 -0.09828815  0.73742855 ... -0.7373075   0.\n",
      "   0.12088878]\n",
      " [-1.2272485  -0.25364834 -0.69637185 ... -0.27190822  0.12088878\n",
      "   0.        ]]\n",
      "17.259556 [[ 0.         -1.2961843   0.13700765 ... -0.7183294   0.19876549\n",
      "  -1.2272485 ]\n",
      " [-1.2961843   0.         -0.88999975 ...  0.70445484 -0.09828815\n",
      "  -0.25364834]\n",
      " [ 0.13700765 -0.88999975  0.         ...  0.09872682  0.73742855\n",
      "  -0.69637185]\n",
      " ...\n",
      " [-0.7183294   0.70445484  0.09872682 ...  0.         -0.7373075\n",
      "  -0.27190822]\n",
      " [ 0.19876549 -0.09828815  0.73742855 ... -0.7373075   0.\n",
      "   0.12088878]\n",
      " [-1.2272485  -0.25364834 -0.69637185 ... -0.27190822  0.12088878\n",
      "   0.        ]]\n"
     ]
    },
    {
     "name": "stdout",
     "output_type": "stream",
     "text": [
      "16.871576 [[ 0.         -1.2961843   0.13700765 ... -0.7183294   0.19876549\n",
      "  -1.2272485 ]\n",
      " [-1.2961843   0.         -0.88999975 ...  0.70445484 -0.09828815\n",
      "  -0.25364834]\n",
      " [ 0.13700765 -0.88999975  0.         ...  0.09872682  0.73742855\n",
      "  -0.69637185]\n",
      " ...\n",
      " [-0.7183294   0.70445484  0.09872682 ...  0.         -0.7373075\n",
      "  -0.27190822]\n",
      " [ 0.19876549 -0.09828815  0.73742855 ... -0.7373075   0.\n",
      "   0.12088878]\n",
      " [-1.2272485  -0.25364834 -0.69637185 ... -0.27190822  0.12088878\n",
      "   0.        ]]\n",
      "17.276663 [[ 0.         -1.2961843   0.13700765 ... -0.7183294   0.19876549\n",
      "  -1.2272485 ]\n",
      " [-1.2961843   0.         -0.88999975 ...  0.70445484 -0.09828815\n",
      "  -0.25364834]\n",
      " [ 0.13700765 -0.88999975  0.         ...  0.09872682  0.73742855\n",
      "  -0.69637185]\n",
      " ...\n",
      " [-0.7183294   0.70445484  0.09872682 ...  0.         -0.7373075\n",
      "  -0.27190822]\n",
      " [ 0.19876549 -0.09828815  0.73742855 ... -0.7373075   0.\n",
      "   0.12088878]\n",
      " [-1.2272485  -0.25364834 -0.69637185 ... -0.27190822  0.12088878\n",
      "   0.        ]]\n",
      "17.652613 [[ 0.         -1.2961843   0.13700765 ... -0.7183294   0.19876549\n",
      "  -1.2272485 ]\n",
      " [-1.2961843   0.         -0.88999975 ...  0.70445484 -0.09828815\n",
      "  -0.25364834]\n",
      " [ 0.13700765 -0.88999975  0.         ...  0.09872682  0.73742855\n",
      "  -0.69637185]\n",
      " ...\n",
      " [-0.7183294   0.70445484  0.09872682 ...  0.         -0.7373075\n",
      "  -0.27190822]\n",
      " [ 0.19876549 -0.09828815  0.73742855 ... -0.7373075   0.\n",
      "   0.12088878]\n",
      " [-1.2272485  -0.25364834 -0.69637185 ... -0.27190822  0.12088878\n",
      "   0.        ]]\n",
      "16.871576 [[ 0.         -1.2961843   0.13700765 ... -0.7183294   0.19876549\n",
      "  -1.2272485 ]\n",
      " [-1.2961843   0.         -0.88999975 ...  0.70445484 -0.09828815\n",
      "  -0.25364834]\n",
      " [ 0.13700765 -0.88999975  0.         ...  0.09872682  0.73742855\n",
      "  -0.69637185]\n",
      " ...\n",
      " [-0.7183294   0.70445484  0.09872682 ...  0.         -0.7373075\n",
      "  -0.27190822]\n",
      " [ 0.19876549 -0.09828815  0.73742855 ... -0.7373075   0.\n",
      "   0.12088878]\n",
      " [-1.2272485  -0.25364834 -0.69637185 ... -0.27190822  0.12088878\n",
      "   0.        ]]\n",
      "17.07147 [[ 0.         -1.2961843   0.13700765 ... -0.7183294   0.19876549\n",
      "  -1.2272485 ]\n",
      " [-1.2961843   0.         -0.88999975 ...  0.70445484 -0.09828815\n",
      "  -0.25364834]\n",
      " [ 0.13700765 -0.88999975  0.         ...  0.09872682  0.73742855\n",
      "  -0.69637185]\n",
      " ...\n",
      " [-0.7183294   0.70445484  0.09872682 ...  0.         -0.7373075\n",
      "  -0.27190822]\n",
      " [ 0.19876549 -0.09828815  0.73742855 ... -0.7373075   0.\n",
      "   0.12088878]\n",
      " [-1.2272485  -0.25364834 -0.69637185 ... -0.27190822  0.12088878\n",
      "   0.        ]]\n",
      "17.581175 [[ 0.         -1.2961843   0.13700765 ... -0.7183294   0.19876549\n",
      "  -1.2272485 ]\n",
      " [-1.2961843   0.         -0.88999975 ...  0.70445484 -0.09828815\n",
      "  -0.25364834]\n",
      " [ 0.13700765 -0.88999975  0.         ...  0.09872682  0.73742855\n",
      "  -0.69637185]\n",
      " ...\n",
      " [-0.7183294   0.70445484  0.09872682 ...  0.         -0.7373075\n",
      "  -0.27190822]\n",
      " [ 0.19876549 -0.09828815  0.73742855 ... -0.7373075   0.\n",
      "   0.12088878]\n",
      " [-1.2272485  -0.25364834 -0.69637185 ... -0.27190822  0.12088878\n",
      "   0.        ]]\n",
      "16.839886 [[ 0.         -1.2961843   0.13700765 ... -0.7183294   0.19876549\n",
      "  -1.2272485 ]\n",
      " [-1.2961843   0.         -0.88999975 ...  0.70445484 -0.09828815\n",
      "  -0.25364834]\n",
      " [ 0.13700765 -0.88999975  0.         ...  0.09872682  0.73742855\n",
      "  -0.69637185]\n",
      " ...\n",
      " [-0.7183294   0.70445484  0.09872682 ...  0.         -0.7373075\n",
      "  -0.27190822]\n",
      " [ 0.19876549 -0.09828815  0.73742855 ... -0.7373075   0.\n",
      "   0.12088878]\n",
      " [-1.2272485  -0.25364834 -0.69637185 ... -0.27190822  0.12088878\n",
      "   0.        ]]\n",
      "17.088133 [[ 0.         -1.2961843   0.13700765 ... -0.7183294   0.19876549\n",
      "  -1.2272485 ]\n",
      " [-1.2961843   0.         -0.88999975 ...  0.70445484 -0.09828815\n",
      "  -0.25364834]\n",
      " [ 0.13700765 -0.88999975  0.         ...  0.09872682  0.73742855\n",
      "  -0.69637185]\n",
      " ...\n",
      " [-0.7183294   0.70445484  0.09872682 ...  0.         -0.7373075\n",
      "  -0.27190822]\n",
      " [ 0.19876549 -0.09828815  0.73742855 ... -0.7373075   0.\n",
      "   0.12088878]\n",
      " [-1.2272485  -0.25364834 -0.69637185 ... -0.27190822  0.12088878\n",
      "   0.        ]]\n",
      "17.259556 [[ 0.         -1.2961843   0.13700765 ... -0.7183294   0.19876549\n",
      "  -1.2272485 ]\n",
      " [-1.2961843   0.         -0.88999975 ...  0.70445484 -0.09828815\n",
      "  -0.25364834]\n",
      " [ 0.13700765 -0.88999975  0.         ...  0.09872682  0.73742855\n",
      "  -0.69637185]\n",
      " ...\n",
      " [-0.7183294   0.70445484  0.09872682 ...  0.         -0.7373075\n",
      "  -0.27190822]\n",
      " [ 0.19876549 -0.09828815  0.73742855 ... -0.7373075   0.\n",
      "   0.12088878]\n",
      " [-1.2272485  -0.25364834 -0.69637185 ... -0.27190822  0.12088878\n",
      "   0.        ]]\n",
      "16.897366 [[ 0.         -1.2961843   0.13700765 ... -0.7183294   0.19876549\n",
      "  -1.2272485 ]\n",
      " [-1.2961843   0.         -0.88999975 ...  0.70445484 -0.09828815\n",
      "  -0.25364834]\n",
      " [ 0.13700765 -0.88999975  0.         ...  0.09872682  0.73742855\n",
      "  -0.69637185]\n",
      " ...\n",
      " [-0.7183294   0.70445484  0.09872682 ...  0.         -0.7373075\n",
      "  -0.27190822]\n",
      " [ 0.19876549 -0.09828815  0.73742855 ... -0.7373075   0.\n",
      "   0.12088878]\n",
      " [-1.2272485  -0.25364834 -0.69637185 ... -0.27190822  0.12088878\n",
      "   0.        ]]\n",
      "17.10064 [[ 0.         -1.2961843   0.13700765 ... -0.7183294   0.19876549\n",
      "  -1.2272485 ]\n",
      " [-1.2961843   0.         -0.88999975 ...  0.70445484 -0.09828815\n",
      "  -0.25364834]\n",
      " [ 0.13700765 -0.88999975  0.         ...  0.09872682  0.73742855\n",
      "  -0.69637185]\n",
      " ...\n",
      " [-0.7183294   0.70445484  0.09872682 ...  0.         -0.7373075\n",
      "  -0.27190822]\n",
      " [ 0.19876549 -0.09828815  0.73742855 ... -0.7373075   0.\n",
      "   0.12088878]\n",
      " [-1.2272485  -0.25364834 -0.69637185 ... -0.27190822  0.12088878\n",
      "   0.        ]]\n",
      "17.098492 [[ 0.         -1.2961843   0.13700765 ... -0.7183294   0.19876549\n",
      "  -1.2272485 ]\n",
      " [-1.2961843   0.         -0.88999975 ...  0.70445484 -0.09828815\n",
      "  -0.25364834]\n",
      " [ 0.13700765 -0.88999975  0.         ...  0.09872682  0.73742855\n",
      "  -0.69637185]\n",
      " ...\n",
      " [-0.7183294   0.70445484  0.09872682 ...  0.         -0.7373075\n",
      "  -0.27190822]\n",
      " [ 0.19876549 -0.09828815  0.73742855 ... -0.7373075   0.\n",
      "   0.12088878]\n",
      " [-1.2272485  -0.25364834 -0.69637185 ... -0.27190822  0.12088878\n",
      "   0.        ]]\n",
      "16.871576 [[ 0.         -1.2961843   0.13700765 ... -0.7183294   0.19876549\n",
      "  -1.2272485 ]\n",
      " [-1.2961843   0.         -0.88999975 ...  0.70445484 -0.09828815\n",
      "  -0.25364834]\n",
      " [ 0.13700765 -0.88999975  0.         ...  0.09872682  0.73742855\n",
      "  -0.69637185]\n",
      " ...\n",
      " [-0.7183294   0.70445484  0.09872682 ...  0.         -0.7373075\n",
      "  -0.27190822]\n",
      " [ 0.19876549 -0.09828815  0.73742855 ... -0.7373075   0.\n",
      "   0.12088878]\n",
      " [-1.2272485  -0.25364834 -0.69637185 ... -0.27190822  0.12088878\n",
      "   0.        ]]\n",
      "17.088133 [[ 0.         -1.2961843   0.13700765 ... -0.7183294   0.19876549\n",
      "  -1.2272485 ]\n",
      " [-1.2961843   0.         -0.88999975 ...  0.70445484 -0.09828815\n",
      "  -0.25364834]\n",
      " [ 0.13700765 -0.88999975  0.         ...  0.09872682  0.73742855\n",
      "  -0.69637185]\n",
      " ...\n",
      " [-0.7183294   0.70445484  0.09872682 ...  0.         -0.7373075\n",
      "  -0.27190822]\n",
      " [ 0.19876549 -0.09828815  0.73742855 ... -0.7373075   0.\n",
      "   0.12088878]\n",
      " [-1.2272485  -0.25364834 -0.69637185 ... -0.27190822  0.12088878\n",
      "   0.        ]]\n",
      "16.871576 [[ 0.         -1.2961843   0.13700765 ... -0.7183294   0.19876549\n",
      "  -1.2272485 ]\n",
      " [-1.2961843   0.         -0.88999975 ...  0.70445484 -0.09828815\n",
      "  -0.25364834]\n",
      " [ 0.13700765 -0.88999975  0.         ...  0.09872682  0.73742855\n",
      "  -0.69637185]\n",
      " ...\n",
      " [-0.7183294   0.70445484  0.09872682 ...  0.         -0.7373075\n",
      "  -0.27190822]\n",
      " [ 0.19876549 -0.09828815  0.73742855 ... -0.7373075   0.\n",
      "   0.12088878]\n",
      " [-1.2272485  -0.25364834 -0.69637185 ... -0.27190822  0.12088878\n",
      "   0.        ]]\n",
      "17.170727 [[ 0.         -1.2961843   0.13700765 ... -0.7183294   0.19876549\n",
      "  -1.2272485 ]\n",
      " [-1.2961843   0.         -0.88999975 ...  0.70445484 -0.09828815\n",
      "  -0.25364834]\n",
      " [ 0.13700765 -0.88999975  0.         ...  0.09872682  0.73742855\n",
      "  -0.69637185]\n",
      " ...\n",
      " [-0.7183294   0.70445484  0.09872682 ...  0.         -0.7373075\n",
      "  -0.27190822]\n",
      " [ 0.19876549 -0.09828815  0.73742855 ... -0.7373075   0.\n",
      "   0.12088878]\n",
      " [-1.2272485  -0.25364834 -0.69637185 ... -0.27190822  0.12088878\n",
      "   0.        ]]\n",
      "16.90903 [[ 0.         -1.2961843   0.13700765 ... -0.7183294   0.19876549\n",
      "  -1.2272485 ]\n",
      " [-1.2961843   0.         -0.88999975 ...  0.70445484 -0.09828815\n",
      "  -0.25364834]\n",
      " [ 0.13700765 -0.88999975  0.         ...  0.09872682  0.73742855\n",
      "  -0.69637185]\n",
      " ...\n",
      " [-0.7183294   0.70445484  0.09872682 ...  0.         -0.7373075\n",
      "  -0.27190822]\n",
      " [ 0.19876549 -0.09828815  0.73742855 ... -0.7373075   0.\n",
      "   0.12088878]\n",
      " [-1.2272485  -0.25364834 -0.69637185 ... -0.27190822  0.12088878\n",
      "   0.        ]]\n"
     ]
    },
    {
     "name": "stdout",
     "output_type": "stream",
     "text": [
      "16.735622 [[ 0.         -1.2961843   0.13700765 ... -0.7183294   0.19876549\n",
      "  -1.2272485 ]\n",
      " [-1.2961843   0.         -0.88999975 ...  0.70445484 -0.09828815\n",
      "  -0.25364834]\n",
      " [ 0.13700765 -0.88999975  0.         ...  0.09872682  0.73742855\n",
      "  -0.69637185]\n",
      " ...\n",
      " [-0.7183294   0.70445484  0.09872682 ...  0.         -0.7373075\n",
      "  -0.27190822]\n",
      " [ 0.19876549 -0.09828815  0.73742855 ... -0.7373075   0.\n",
      "   0.12088878]\n",
      " [-1.2272485  -0.25364834 -0.69637185 ... -0.27190822  0.12088878\n",
      "   0.        ]]\n",
      "17.07147 [[ 0.         -1.2961843   0.13700765 ... -0.7183294   0.19876549\n",
      "  -1.2272485 ]\n",
      " [-1.2961843   0.         -0.88999975 ...  0.70445484 -0.09828815\n",
      "  -0.25364834]\n",
      " [ 0.13700765 -0.88999975  0.         ...  0.09872682  0.73742855\n",
      "  -0.69637185]\n",
      " ...\n",
      " [-0.7183294   0.70445484  0.09872682 ...  0.         -0.7373075\n",
      "  -0.27190822]\n",
      " [ 0.19876549 -0.09828815  0.73742855 ... -0.7373075   0.\n",
      "   0.12088878]\n",
      " [-1.2272485  -0.25364834 -0.69637185 ... -0.27190822  0.12088878\n",
      "   0.        ]]\n",
      "17.652613 [[ 0.         -1.2961843   0.13700765 ... -0.7183294   0.19876549\n",
      "  -1.2272485 ]\n",
      " [-1.2961843   0.         -0.88999975 ...  0.70445484 -0.09828815\n",
      "  -0.25364834]\n",
      " [ 0.13700765 -0.88999975  0.         ...  0.09872682  0.73742855\n",
      "  -0.69637185]\n",
      " ...\n",
      " [-0.7183294   0.70445484  0.09872682 ...  0.         -0.7373075\n",
      "  -0.27190822]\n",
      " [ 0.19876549 -0.09828815  0.73742855 ... -0.7373075   0.\n",
      "   0.12088878]\n",
      " [-1.2272485  -0.25364834 -0.69637185 ... -0.27190822  0.12088878\n",
      "   0.        ]]\n",
      "16.904356 [[ 0.         -1.2961843   0.13700765 ... -0.7183294   0.19876549\n",
      "  -1.2272485 ]\n",
      " [-1.2961843   0.         -0.88999975 ...  0.70445484 -0.09828815\n",
      "  -0.25364834]\n",
      " [ 0.13700765 -0.88999975  0.         ...  0.09872682  0.73742855\n",
      "  -0.69637185]\n",
      " ...\n",
      " [-0.7183294   0.70445484  0.09872682 ...  0.         -0.7373075\n",
      "  -0.27190822]\n",
      " [ 0.19876549 -0.09828815  0.73742855 ... -0.7373075   0.\n",
      "   0.12088878]\n",
      " [-1.2272485  -0.25364834 -0.69637185 ... -0.27190822  0.12088878\n",
      "   0.        ]]\n",
      "17.961267 [[ 0.         -1.2961843   0.13700765 ... -0.7183294   0.19876549\n",
      "  -1.2272485 ]\n",
      " [-1.2961843   0.         -0.88999975 ...  0.70445484 -0.09828815\n",
      "  -0.25364834]\n",
      " [ 0.13700765 -0.88999975  0.         ...  0.09872682  0.73742855\n",
      "  -0.69637185]\n",
      " ...\n",
      " [-0.7183294   0.70445484  0.09872682 ...  0.         -0.7373075\n",
      "  -0.27190822]\n",
      " [ 0.19876549 -0.09828815  0.73742855 ... -0.7373075   0.\n",
      "   0.12088878]\n",
      " [-1.2272485  -0.25364834 -0.69637185 ... -0.27190822  0.12088878\n",
      "   0.        ]]\n",
      "17.276663 [[ 0.         -1.2961843   0.13700765 ... -0.7183294   0.19876549\n",
      "  -1.2272485 ]\n",
